,Arborização de vias públicas,Esgotamento sanitário adequado,Half income,IDEB,IDHM,Matrículas no ensino fundamental,Matrículas no ensino médio,PIB,Urbanização de vias públicas,average_salary,demographic_density,estabelecimento_sus,estimated_population,fundamental_schools,fundamental_teachers,medium_schools,medium_teachers,occupied_people,occupied_population,population_last_census,receitas_fontes_externas,Área da unidade territorial
Arborização de vias públicas,1.0,0.013203491614617506,-0.02820867394960058,0.0681778861479956,0.21213941383747878,0.06674515130466938,0.07355344757071461,-0.04157427840013239,0.12332391144400658,0.04345303599188499,0.07132171886054528,0.10980784500520825,0.0660923268646895,0.09359731878878964,0.07450068489758435,0.07762602444232757,0.08227640699102207,0.04608316103186191,0.06779637354319115,0.06781252340344329,-0.12131209779080851,0.023510967826670493
Esgotamento sanitário adequado,0.013203491614617506,1.0,-0.3738116406060726,0.02805387795245731,0.306773704350283,0.2851677587155111,0.28869124136642055,0.020128254346340812,0.3087520291416651,0.09517728060740972,0.2913085971934777,0.31029730414725415,0.2713817735599858,0.3199192369664488,0.2892148295863328,0.2679620433885511,0.2777230165943662,0.19945974588629134,0.48081320863191457,0.26563550730792523,-0.40015755750390963,0.18802339447533722
Half income,-0.02820867394960058,-0.3738116406060726,1.0,-0.47627571965521387,-0.665694906462336,-0.05698488468605448,-0.059092998801280376,-0.10775977895446892,-0.44420564642051746,-0.007630215635842779,-0.10831228893872603,-0.05513121497861385,-0.06516847889117555,-0.042690036358899904,-0.0559818828818302,-0.05338742635797216,-0.05096589082486766,-0.08088794847922391,-0.705052200528087,-0.058830779643416604,0.21102775709708044,0.2564204012628204
IDEB,0.0681778861479956,0.02805387795245731,-0.47627571965521387,1.0,0.39657768197592436,-0.1444179341005962,-0.1371365486865628,0.0851680443174679,0.3006747985442978,-0.07836193977245495,-0.07330530213619688,-0.11733518702506676,-0.1266950428902506,-0.15183543696093596,-0.14111625792993074,-0.13506500705372518,-0.13628392525416433,-0.0795647528111562,0.3280540085099525,-0.12911558217417518,0.022279387036722876,-0.2828175785614731
IDHM,0.21213941383747878,0.306773704350283,-0.665694906462336,0.39657768197592436,1.0,0.21083691490925147,0.22033825009257368,0.24103207760174555,0.4367812585387627,0.21786353132836334,0.18130870844143257,0.2589591270192142,0.21342406820003829,0.21504596706508458,0.22159740028753108,0.23353957308056122,0.23542626507311992,0.19587227539340948,0.62093256983525,0.20911519144543772,-0.3996551369904167,-0.10705331267207989
Matrículas no ensino fundamental,0.06674515130466938,0.2851677587155111,-0.05698488468605448,-0.1444179341005962,0.21083691490925147,1.0,0.9969205395648689,0.03064311235403019,0.2524224734488521,0.3347070283998769,0.6226394965376558,0.9024596961836738,0.9961545488707391,0.9680618758771266,0.9952387566003471,0.9819536528854059,0.9826529625587689,0.9332272110074091,0.22651497769692497,0.9953956698413398,-0.45193042087034613,0.16390681887497432
Matrículas no ensino médio,0.07355344757071461,0.28869124136642055,-0.059092998801280376,-0.1371365486865628,0.22033825009257368,0.9969205395648689,1.0,0.03459185625289095,0.257617178757277,0.33388298024470237,0.6229739399366252,0.9087782969734488,0.9945256959476295,0.9690796563579265,0.9937485245430695,0.9833724671946744,0.9857351801499851,0.9315349063590573,0.23267443624066356,0.993574444262938,-0.45907230153454526,0.17044976243513138
PIB,-0.04157427840013239,0.020128254346340812,-0.10775977895446892,0.0851680443174679,0.24103207760174555,0.03064311235403019,0.03459185625289095,1.0,0.03727008921663569,0.539408076370315,0.022251661232500823,0.045279973069167236,0.0344904630081885,0.021056189891794298,0.035274644226174955,0.03916627339672832,0.029680814711493152,0.056018422037918264,0.26607580635758066,0.03247646410744242,-0.08872115815564481,-0.031158063527527945
Urbanização de vias públicas,0.12332391144400658,0.3087520291416651,-0.44420564642051746,0.3006747985442978,0.4367812585387627,0.2524224734488521,0.257617178757277,0.03727008921663569,1.0,0.13649866320455048,0.2865169424926268,0.25109308220993454,0.2534782371568473,0.25770910825404464,0.25353970644579227,0.2468341726440571,0.2525836266342558,0.2226151893728775,0.4026449770820782,0.24931273706189705,-0.21907888284312155,-0.09323846362440959
average_salary,0.04345303599188499,0.09517728060740972,-0.007630215635842779,-0.07836193977245495,0.21786353132836334,0.3347070283998769,0.33388298024470237,0.539408076370315,0.13649866320455048,1.0,0.20705123120744154,0.3265724758627446,0.33201143701604957,0.3275097014327852,0.33813405620160103,0.33724469887249,0.33168099470121776,0.3001988016449182,0.13449433454836268,0.32842515699188735,-0.30602477618763546,0.021582000832334025
demographic_density,0.07132171886054528,0.2913085971934777,-0.10831228893872603,-0.07330530213619688,0.18130870844143257,0.6226394965376558,0.6229739399366252,0.022251661232500823,0.2865169424926268,0.20705123120744154,1.0,0.4818112901249216,0.5952638885513096,0.5385391341749016,0.5940907855912482,0.5579805954714573,0.5654689155916065,0.5172997022055131,0.21728478825231026,0.5931794035994477,-0.34225745635281973,-0.08936470512927375
estabelecimento_sus,0.10980784500520825,0.31029730414725415,-0.05513121497861385,-0.11733518702506676,0.2589591270192142,0.9024596961836738,0.9087782969734488,0.045279973069167236,0.25109308220993454,0.3265724758627446,0.4818112901249216,1.0,0.9033054158323708,0.9453682399168534,0.9277205879214421,0.925098022675503,0.9335517351635023,0.8209154348710068,0.2663905125932345,0.9015058541425657,-0.5532426676450082,0.2875358972143897
estimated_population,0.0660923268646895,0.2713817735599858,-0.06516847889117555,-0.1266950428902506,0.21342406820003829,0.9961545488707391,0.9945256959476295,0.0344904630081885,0.2534782371568473,0.33201143701604957,0.5952638885513096,0.9033054158323708,1.0,0.9640442034852791,0.9951800661281593,0.9857267399388224,0.9838596892846662,0.9576752913363658,0.23352667188133427,0.9994765083499924,-0.43841786276692085,0.14777160034071504
fundamental_schools,0.09359731878878964,0.3199192369664488,-0.042690036358899904,-0.15183543696093596,0.21504596706508458,0.9680618758771266,0.9690796563579265,0.021056189891794298,0.25770910825404464,0.3275097014327852,0.5385391341749016,0.9453682399168534,0.9640442034852791,1.0,0.9788160799973821,0.9717184338128605,0.9756151808880804,0.8783818308847016,0.23420773366674946,0.9637982720758529,-0.5159501757205393,0.28791378724773353
fundamental_teachers,0.07450068489758435,0.2892148295863328,-0.0559818828818302,-0.14111625792993074,0.22159740028753108,0.9952387566003471,0.9937485245430695,0.035274644226174955,0.25353970644579227,0.33813405620160103,0.5940907855912482,0.9277205879214421,0.9951800661281593,0.9788160799973821,1.0,0.9891623604439758,0.9909961058149082,0.9357643853943601,0.23724338560414146,0.9946665167863159,-0.4717270779480445,0.19295927885932104
medium_schools,0.07762602444232757,0.2679620433885511,-0.05338742635797216,-0.13506500705372518,0.23353957308056122,0.9819536528854059,0.9833724671946744,0.03916627339672832,0.2468341726440571,0.33724469887249,0.5579805954714573,0.925098022675503,0.9857267399388224,0.9717184338128605,0.9891623604439758,1.0,0.9916232506712112,0.9380750219175227,0.2283551083654984,0.9868523226389025,-0.4569109229748563,0.21553749213138768
medium_teachers,0.08227640699102207,0.2777230165943662,-0.05096589082486766,-0.13628392525416433,0.23542626507311992,0.9826529625587689,0.9857351801499851,0.029680814711493152,0.2525836266342558,0.33168099470121776,0.5654689155916065,0.9335517351635023,0.9838596892846662,0.9756151808880804,0.9909961058149082,0.9916232506712112,1.0,0.9234259095782803,0.23093454126862928,0.9853663408575042,-0.4667650657071321,0.20514195378284472
occupied_people,0.04608316103186191,0.19945974588629134,-0.08088794847922391,-0.0795647528111562,0.19587227539340948,0.9332272110074091,0.9315349063590573,0.056018422037918264,0.2226151893728775,0.3001988016449182,0.5172997022055131,0.8209154348710068,0.9576752913363658,0.8783818308847016,0.9357643853943601,0.9380750219175227,0.9234259095782803,1.0,0.24524059058818223,0.9594928323257557,-0.3551736074444262,0.05396632103052089
occupied_population,0.06779637354319115,0.48081320863191457,-0.705052200528087,0.3280540085099525,0.62093256983525,0.22651497769692497,0.23267443624066356,0.26607580635758066,0.4026449770820782,0.13449433454836268,0.21728478825231026,0.2663905125932345,0.23352667188133427,0.23420773366674946,0.23724338560414146,0.2283551083654984,0.23093454126862928,0.24524059058818223,1.0,0.2253685212948286,-0.4573611743888422,-0.14942002159187318
population_last_census,0.06781252340344329,0.26563550730792523,-0.058830779643416604,-0.12911558217417518,0.20911519144543772,0.9953956698413398,0.993574444262938,0.03247646410744242,0.24931273706189705,0.32842515699188735,0.5931794035994477,0.9015058541425657,0.9994765083499924,0.9637982720758529,0.9946665167863159,0.9868523226389025,0.9853663408575042,0.9594928323257557,0.2253685212948286,1.0,-0.43135016750412825,0.15612174474137
receitas_fontes_externas,-0.12131209779080851,-0.40015755750390963,0.21102775709708044,0.022279387036722876,-0.3996551369904167,-0.45193042087034613,-0.45907230153454526,-0.08872115815564481,-0.21907888284312155,-0.30602477618763546,-0.34225745635281973,-0.5532426676450082,-0.43841786276692085,-0.5159501757205393,-0.4717270779480445,-0.4569109229748563,-0.4667650657071321,-0.3551736074444262,-0.4573611743888422,-0.43135016750412825,1.0,-0.18661757592477426
Área da unidade territorial,0.023510967826670493,0.18802339447533722,0.2564204012628204,-0.2828175785614731,-0.10705331267207989,0.16390681887497432,0.17044976243513138,-0.031158063527527945,-0.09323846362440959,0.021582000832334025,-0.08936470512927375,0.2875358972143897,0.14777160034071504,0.28791378724773353,0.19295927885932104,0.21553749213138768,0.20514195378284472,0.05396632103052089,-0.14942002159187318,0.15612174474137,-0.18661757592477426,1.0
